13807
26219
3082
31095
1696
345
8788
22587
15203
15204
18531
28381
5225
28071
27657
12017
19319
24915
4819
5934
20638
19964
28297
30125
19444
496
2646
26708
18782
4304
15784
13780
8782
3030
4904
12902
9960
29689
28680
23863
22213
21958
23787
2599
17444
18694
1344
16900
16804
2016
31949
20050
29120
32393
14680
14155
1703
29363
27445
11472
10934
9416
534
4410
28211
20538
19517
23325
14214
11294
31737
15377
19998
18820
3270
30772
13814
386
4115
2654
19964
6306
19285
18153
24908
1084
18397
5235
11322
23077
14205
23162
24986
13420
30688
6984
30461
20652
20300
24623
19061
2158
995
31416
4066
26692
18912
8715
32493
31100
13445
18574
8959
22390
11176
5851
12103
10180
8995
7120
7394
9419
428
23248
18865
5937
3208
8241
31893
31442
4267
25100
24613
28876
28170
4441
28293
24562
7263
5522
4083
13231
31795
22894
28949
21397
2162
32599
21377
18929

  